Spline1 <- c(1.987074, 2.047370,2.110105,2.175266,2.242839,2.312808,2.385156,2.459863,2.536908,2.616268,
2.697919,2.781834,2.867986,2.956345,3.046880,3.139559,3.234348,3.331210,3.430109,3.531008,
3.633865,3.738640,3.845290,3.953773,4.064043,4.176055,4.289762,4.405115,4.522067,4.640567,
4.760564,4.882008,5.004845,5.129024,5.254490,5.381189,5.509067,5.638068,5.768137,5.899218,
6.031255,6.164191,6.297969,6.432534,6.567827,6.703793,6.840374,6.977514,7.115156,7.253244,
7.391722,7.530534,7.669625,7.808941,7.948426,8.088028,8.227692,8.367367,8.507001,8.646541,
8.785939,8.925145,9.064110,9.202787,9.341128,9.479088,9.616623,9.753689,9.890243,10.026244,
10.161653,10.296429,10.430536,10.563937,10.696597,10.828482,10.959559,11.089797,11.219167,11.347640,
11.475189,11.601789,11.727414,11.852043,11.975653,12.098225,12.219741,12.340182,12.459533,12.577781,
12.694911,12.810913,12.925776,13.039492,13.152052,13.263452,13.373685,13.482750,13.590642,13.697362,
13.802910,13.907287,14.010497,14.112542,14.213428,14.313161,14.411747,14.509196,14.605516,14.700718,
14.794811,14.887809,14.979724,15.070569,15.160359,15.249108,15.336833,15.423549,15.509274,15.594025,
15.677819,15.760676,15.842613,15.923651,16.003808,16.083104,16.161560,16.239195,16.316031,16.392086,
16.467382,16.541939,16.615778,16.688919,16.761382,16.833188,16.904356,16.974907,17.044859,17.114231,
17.183043,17.251313,17.319059,17.386298,17.453048,17.519324,17.585144,17.650521,17.715473,17.780011,
17.844151,17.907904,17.971283,18.034301,18.096966,18.159290,18.221282,18.282950,18.344302,18.405345,
18.466084,18.526527,18.586676,18.646535,18.706108,18.765397,18.824402,18.883125,18.941564,18.999720,
19.057589,19.115169,19.172457,19.229449,19.286138,19.342521,19.398590,19.454339,19.509759,19.564842,
19.619580,19.673963,19.727980,19.781621,19.834876,19.887731,19.940175,19.992196,20.043781,20.094917,
20.145589,20.195784,20.245489,20.294688,20.343368,20.391514,20.439111,20.486144,20.532599,20.578461,
20.623715,20.668348,20.712343,20.755688,20.798368,20.840370,20.881680,20.922285,20.962172,21.001329,
21.039744,21.077406,21.114304,21.150427,21.185766,21.220312,21.254056,21.286991,21.319109,21.350405,
21.380873,21.410508,21.439306,21.467264,21.494381,21.520655,21.546086,21.570674,21.594421,21.617330,
21.639404,21.660648,21.681067,21.700669,21.719460,21.737450,21.754648,21.771065,21.786713,21.801604,
21.815754,21.829176,21.841886,21.853903,21.865243,21.875926,21.885971,21.895401,21.904237,21.912501,
21.920218,21.927413,21.934111,21.940338,21.946122,21.951491,21.956473,21.961099,21.965399,21.969403,
21.973144,21.976653,21.979963,21.983107,21.986120,21.989035,21.991887,21.994711,21.997542,22.000415,
22.003367,22.006433,22.009649,22.013051,22.016676,22.020559,22.024736,22.029243,22.034116,22.039390,
22.045101,22.051283,22.057971,22.065199,22.073000,22.081408,22.090454,22.100172,22.110592,22.121744,
22.133658,22.146363,22.159888,22.174259,22.189503,22.205644,22.222708,22.240717,22.259693,22.279658,
22.300631,22.322630,22.345674,22.369777,22.394955,22.421222,22.448589,22.477067,22.506666,22.537392,
22.569254,22.602256,22.636401,22.671692,22.708129,22.745711,22.784436,22.824301,22.865299,22.907423,
22.950666,22.995018,23.040467,23.087000,23.134603,23.183259,23.232953,23.283665,23.335375,23.388061,
23.441702,23.496272,23.551746,23.608098,23.665299,23.723320,23.782131,23.841701,23.901996,23.962984,
24.024629,24.086896,24.149748,24.213148,24.277057,24.341437,24.406248,24.471449,24.537000,24.602858,
24.668982,24.735329,24.801856,24.868520,24.935277,25.002085,25.068897,25.135672,25.202365,25.268931,
25.335328,25.401511,25.467437,25.533063,25.598346,25.663244,25.727715,25.791718,25.855211,25.918155,
25.980511,26.042240,26.103305,26.163668,26.223293,26.282147,26.340195,26.397404,26.453744,26.509184,
26.563695,26.617249,26.669820,26.721384,26.771917,26.821397,26.869803,26.917118,26.963323,27.008404,
27.052346,27.095137,27.136767,27.177226,27.216508,27.254608,27.291523,27.327249,27.361789,27.395144,
27.427317,27.458314,27.488144,27.516815,27.544338,27.570726,27.595995,27.620161,27.643242,27.665258,
27.686232,27.706186,27.725147,27.743140,27.760196,27.776344,27.791615,27.806044,27.819664,27.832513,
27.844627,27.856046,27.866810,27.876961,27.886542,27.895596,27.904168,27.912305,27.920053,27.927460,
27.934576,27.941449,27.948130,27.954670,27.961120,27.967533,27.973960,27.980455,27.987070,27.993859,
28.000876,28.008173,28.015804,28.023822,28.032282,28.041235,28.050734,28.060832,28.071580,28.083030,
28.095232,28.108236,28.122092,28.136847,28.152548,28.169244,28.186977,28.205794,28.225736,28.246845,
28.269162,28.292726,28.317574,28.343743,28.371266,28.400176,28.430504,28.462281,28.495532,28.530284,
28.566560,28.604382,28.643771,28.684743,28.727314,28.771498,28.817307,28.864750,28.913833,28.964562,
29.016939,29.070965,29.126638,29.183953,29.242905,29.303484,29.365680,29.429480,29.494866,29.561823,
29.630329,29.700362,29.771898,29.844910,29.919368,29.995241,30.072496,30.151098,30.231008,30.312187,
30.394593,30.478183,30.562912,30.648731,30.735591,30.823442,30.912230,31.001902,31.092401,31.183670,
31.275650,31.368281,31.461501,31.555247,31.649455,31.744060,31.838995,31.934195,32.029590,32.125113,
32.220694,32.316262,32.411747,32.507080,32.602187,32.696998,32.791442,32.885446,32.978939,33.071850,
33.164107,33.255639,33.346376,33.436248,33.525186,33.613120,33.699983,33.785707,33.870227,33.953478,
34.035395,34.115916,34.194979,34.272526,34.348496,34.422834,34.495483,34.566392,34.635507,34.702779,
34.768161,34.831606,34.893070,34.952513,35.009894,35.065178,35.118328,35.169314,35.218104,35.264673,
35.308994,35.351046,35.390810,35.428269,35.463408,35.496217,35.526687,35.554811,35.580588,35.604017,
35.625101,35.643846,35.660261,35.674356,35.686146,35.695649,35.702884,35.707875,35.710647,35.711230,
35.709654,35.705955,35.700169,35.692335,35.682498,35.670701,35.656993,35.641424,35.624047,35.604918,
35.584094,35.561636,35.537606,35.512069,35.485093,35.456746,35.427099,35.396226,35.364201,35.331102,
35.297007,35.261996,35.226151,35.189556,35.152295,35.114453,35.076118,35.037379,34.998324,34.959044,
34.919629,34.880171,34.840763,34.801497,34.762466,34.723763,34.685483,34.647719,34.610564,34.574112,
34.538457,34.503690,34.469906,34.437194,34.405648,34.375357,34.346411,34.318899,34.292907,34.268523,
34.245832,34.224917,34.205860,34.188743,34.173645,34.160642,34.149810,34.141224,34.134953,34.131069,
34.129638,34.130724,34.134392,34.140702,34.149710,34.161474,34.176044,34.193473,34.213806,34.237089,
34.263364,34.292670,34.325042,34.360514,34.399116,34.440876,34.485817,34.533961,34.585325,34.639925)

